Car 0.00 2 1.05 422.15 180.52 497.73 213.68 1.43 1.56 4.12 -6.98 1.76 33.12 0.85
Car 0.00 2 0.83 458.05 175.42 529.56 203.15 1.58 1.80 4.30 -7.03 1.73 43.24 0.67
Car 0.00 2 2.08 71.60 184.69 205.28 232.33 1.42 1.66 4.53 -15.37 1.78 23.78 1.51
Car 0.75 3 -1.11 0.00 196.55 399.82 374.00 1.46 1.60 3.63 -2.65 1.68 4.56 -1.62
Car 0.00 2 1.24 134.36 192.38 327.85 301.48 1.48 1.70 3.48 -6.22 1.74 11.59 0.75
Car 0.43 3 -2.07 819.28 183.81 1241.00 374.00 1.53 1.48 3.26 2.81 1.63 5.45 -1.59
Car 0.00 2 1.05 218.04 185.96 376.91 267.57 1.63 1.64 3.13 -6.49 1.89 14.79 0.64
Car 0.00 1 -1.25 270.69 192.48 478.65 332.80 1.50 1.59 3.15 -2.86 1.71 9.30 -1.54
Car 0.00 0 -1.55 569.22 181.00 626.20 228.13 1.40 1.56 3.52 -0.48 1.64 23.17 -1.57
Car 0.00 0 -1.65 654.41 179.08 715.17 225.73 1.41 1.56 3.56 2.40 1.60 23.63 -1.54
Car 0.00 0 -1.48 522.92 180.68 566.89 212.35 1.34 1.43 3.38 -3.02 1.67 32.27 -1.57
