Car 0.00 0 2.01 193.49 186.24 280.98 222.04 1.43 1.70 4.18 -15.84 1.96 30.83 1.54
Car 0.25 3 -1.21 109.36 213.23 467.53 374.00 1.20 1.66 3.57 -2.61 1.72 6.72 -1.57
Car 0.14 3 -1.92 749.40 200.15 1093.39 374.00 1.35 1.58 3.88 2.55 1.68 7.15 -1.57
Car 0.07 3 1.30 0.00 192.58 223.98 350.94 1.45 1.69 3.34 -6.34 1.77 8.96 0.69
Car 0.00 2 0.99 307.89 189.57 432.73 250.87 1.60 1.68 3.08 -6.32 2.03 18.79 0.67
Car 0.00 2 -1.41 367.32 189.91 503.23 299.40 1.56 1.55 3.94 -2.84 1.81 12.23 -1.63
Car 0.00 2 -1.40 424.93 190.31 519.27 260.54 1.50 1.62 3.78 -3.21 1.87 17.30 -1.58
Car 0.00 1 -1.81 697.75 179.11 825.04 278.70 1.59 1.48 4.02 2.58 1.69 13.59 -1.61
Car 0.00 0 -1.60 564.65 184.47 623.31 233.71 1.42 1.60 3.59 -0.65 1.76 22.61 -1.62
Car 0.00 0 -1.70 628.68 184.39 675.63 219.69 1.44 1.57 3.63 1.73 1.91 31.31 -1.64
Car 0.00 0 -1.48 526.48 183.62 560.48 209.30 1.35 1.45 3.41 -3.72 1.92 39.73 -1.57
