Car 0.00 2 2.16 46.43 185.06 167.84 235.38 1.39 1.29 3.43 -14.94 1.72 21.58 1.55
Car 0.00 1 2.14 48.45 193.14 234.64 273.92 1.45 1.54 3.46 -9.35 1.81 14.66 1.57
Car 0.00 1 -2.16 240.70 184.46 423.91 267.09 1.51 1.60 3.96 -5.86 1.72 14.94 -2.53
Car 0.00 2 -1.74 676.42 179.65 765.21 242.40 1.50 1.72 3.79 2.78 1.67 19.21 -1.59
Car 0.00 2 -2.21 319.60 186.40 464.13 250.09 1.45 1.35 4.01 -5.60 1.75 18.13 -2.50
Car 0.00 2 0.89 391.38 179.40 482.83 224.98 1.53 1.26 3.50 -6.27 1.75 25.82 0.65
Car 0.00 2 -1.69 663.29 183.08 728.71 228.19 1.38 1.68 3.47 2.73 1.69 23.73 -1.57
Car 0.00 0 -1.57 582.41 179.65 640.49 227.51 1.39 1.62 3.51 0.03 1.59 22.79 -1.57
Car 0.00 2 -1.67 657.87 174.44 704.59 214.51 1.58 1.43 3.97 2.96 1.64 30.37 -1.57
Car 0.00 0 -1.58 499.59 185.38 565.15 229.13 1.31 1.74 3.30 -2.45 1.68 23.32 -1.68
