Car 0.00 1 2.04 73.24 188.06 413.35 374.00 1.59 1.60 4.33 -3.81 1.72 8.38 1.61
Car 0.00 0 1.89 1008.35 160.93 1166.59 251.39 1.52 1.54 3.33 9.09 1.32 13.74 2.48
Car 0.99 0 2.46 0.00 204.08 154.89 374.00 1.47 1.55 3.50 -3.87 1.70 3.04 1.56
Car 0.00 1 1.96 926.48 163.09 1057.84 238.60 1.56 1.48 3.35 8.74 1.35 16.51 2.45
Car 0.00 0 -1.76 702.62 174.56 819.64 264.35 1.59 1.63 4.01 2.86 1.62 14.81 -1.56
Car 0.00 2 -1.70 685.17 180.17 758.11 233.93 1.41 1.59 3.55 3.07 1.60 20.69 -1.55
Car 0.00 2 -0.33 740.22 164.78 826.73 202.06 1.70 1.67 3.61 8.07 1.33 33.91 -0.10
Car 0.00 2 2.14 883.09 163.23 1010.88 225.29 1.56 1.34 3.77 9.17 1.31 19.66 2.57
Car 0.00 0 1.86 427.61 177.92 523.60 245.29 1.62 1.53 3.59 -3.51 1.74 19.20 1.68
Car 0.00 2 2.25 846.54 163.45 967.64 219.78 1.63 1.42 3.77 9.21 1.36 22.42 2.64
Car 0.00 2 2.31 816.29 170.10 935.31 215.55 1.51 1.43 4.32 9.42 1.42 25.60 2.66
