Car 0.00 2 -2.12 434.22 185.74 512.68 223.20 1.42 1.32 3.80 -5.63 1.91 29.24 -2.31
Car 0.00 1 -2.16 394.26 185.73 496.55 229.74 1.46 1.75 3.84 -6.01 1.89 25.93 -2.38
Car 0.00 1 2.09 142.39 190.02 249.64 235.63 1.56 1.63 4.06 -15.19 2.14 26.65 1.57
Car 0.00 0 -1.83 722.39 187.93 935.84 339.88 1.53 1.62 3.85 2.42 1.68 9.18 -1.56
Car 0.00 1 0.97 217.39 191.43 395.96 267.29 1.50 1.76 3.87 -6.82 1.86 16.01 0.57
Car 0.00 1 -2.11 310.09 183.94 438.79 250.59 1.59 1.61 3.58 -6.31 1.86 19.01 -2.43
Car 0.00 2 -1.77 700.48 191.20 808.19 277.07 1.42 1.39 3.58 2.51 1.73 13.75 -1.59
Car 0.00 2 -1.71 665.26 185.30 749.17 249.45 1.46 1.60 3.69 2.31 1.75 18.31 -1.58
Car 0.00 0 -1.56 551.95 184.98 600.40 223.83 1.42 1.68 3.57 -1.30 1.86 28.16 -1.61
Car 0.00 2 -1.46 576.10 182.43 612.66 214.34 1.59 1.34 4.00 -0.87 2.06 37.58 -1.48
