Car 0.00 2 2.24 90.73 184.78 206.90 230.56 1.43 1.67 3.16 -15.36 1.80 24.14 1.68
Car 0.00 0 -1.28 307.81 203.44 510.42 332.25 1.41 1.65 3.37 -2.51 1.75 9.64 -1.53
Car 0.00 1 -1.84 719.49 200.44 921.93 329.53 1.47 1.66 3.71 2.67 1.79 10.09 -1.57
Car 0.00 2 0.93 353.10 187.01 461.94 238.23 1.44 1.64 3.11 -6.22 1.84 21.90 0.65
Car 0.00 0 1.19 142.72 187.07 331.87 296.12 1.55 1.60 3.48 -6.32 1.75 12.01 0.71
Car 0.00 2 -1.44 426.98 190.26 524.00 274.84 1.57 1.58 3.95 -2.73 1.89 15.33 -1.61
Car 0.00 2 -1.43 463.81 189.84 538.74 248.19 1.50 1.57 3.78 -3.02 1.94 20.42 -1.57
Car 0.00 2 -1.77 688.07 183.28 786.80 263.10 1.61 1.49 4.06 2.71 1.82 16.61 -1.61
Car 0.00 0 -1.62 574.42 188.74 633.53 239.06 1.44 1.51 3.62 -0.22 1.89 22.46 -1.62
Car 0.00 0 -1.63 635.13 187.66 675.49 220.08 1.46 1.59 3.69 2.14 2.13 34.45 -1.56
Car 0.00 0 -1.53 538.34 186.26 568.49 210.22 1.37 1.44 3.44 -3.46 2.13 42.86 -1.61
