Car 0.86 3 2.34 0.00 175.72 52.63 258.31 1.44 1.61 4.59 -14.39 1.50 15.20 1.59
Car 0.62 3 -1.79 0.00 182.33 197.98 374.00 1.50 1.55 3.39 -5.03 1.63 5.85 -2.50
Car 0.00 2 -2.01 107.45 157.26 381.13 343.94 1.81 1.65 3.31 -4.50 1.65 8.64 -2.49
Car 0.00 2 -2.17 311.75 181.77 479.99 258.55 1.46 1.60 3.82 -4.74 1.63 15.58 -2.46
Car 0.00 2 -1.77 709.22 182.92 810.03 249.65 1.64 2.08 4.14 3.82 1.89 19.82 -1.58
Car 0.00 2 -2.18 348.14 177.31 492.80 240.65 1.54 1.47 4.47 -5.26 1.65 19.51 -2.44
Car 0.00 2 -2.16 421.20 177.62 516.78 218.42 1.42 1.46 4.15 -5.42 1.59 27.16 -2.36
Car 0.00 2 -2.25 460.50 176.19 541.62 211.15 1.51 1.49 4.02 -5.09 1.66 33.16 -2.40
Car 0.00 0 -1.64 579.54 180.32 635.70 226.72 1.39 1.63 3.51 -0.22 1.62 23.46 -1.65
Car 0.00 0 -1.62 660.90 179.99 701.04 210.30 1.44 1.78 3.64 3.48 1.78 36.16 -1.53
