Car 0.00 1 2.02 217.87 186.05 299.14 219.94 1.42 1.55 4.34 -15.74 1.98 32.47 1.57
Car 0.00 2 2.28 44.75 189.72 174.55 239.88 1.46 1.37 3.58 -15.70 1.95 22.80 1.68
Car 0.00 0 -1.27 231.15 208.01 492.04 369.76 1.44 1.68 3.64 -2.60 1.76 8.26 -1.57
Car 0.00 1 -1.87 729.43 201.60 982.87 360.10 1.48 1.64 3.73 2.61 1.75 8.61 -1.57
Car 0.00 1 1.23 74.39 190.06 285.77 319.60 1.57 1.60 3.31 -6.33 1.78 10.43 0.69
Car 0.00 2 0.97 331.96 189.69 448.62 245.76 1.45 1.68 3.10 -6.26 1.89 20.32 0.67
Car 0.00 2 -1.44 400.57 190.10 515.08 285.46 1.57 1.56 3.95 -2.81 1.85 13.77 -1.63
Car 0.00 2 -1.41 446.20 190.05 529.77 253.77 1.51 1.58 3.79 -3.14 1.91 18.95 -1.57
Car 0.00 1 -1.80 690.85 182.91 801.56 271.82 1.61 1.47 4.06 2.58 1.79 15.14 -1.63
Car 0.00 0 -1.63 569.74 186.60 628.57 236.36 1.43 1.64 3.59 -0.47 1.82 22.54 -1.65
Car 0.00 0 -1.69 631.94 185.99 675.45 219.78 1.45 1.41 3.66 1.98 2.02 32.92 -1.62
