Car 0.80 0 2.25 0.00 195.66 331.57 374.00 1.39 1.66 4.24 -3.75 1.68 5.19 1.63
Car 0.51 0 1.80 1140.81 149.13 1241.00 273.31 1.62 1.79 3.36 9.13 1.30 10.53 2.52
Car 0.00 0 -1.78 732.62 173.90 896.20 293.87 1.60 1.65 4.02 2.99 1.61 11.57 -1.53
Car 0.00 2 -3.34 758.51 158.56 855.47 199.97 1.71 1.84 3.60 8.36 1.12 30.85 -3.07
Car 0.00 1 2.08 945.58 158.62 1096.73 234.60 1.55 1.41 3.53 9.23 1.26 16.23 2.60
Car 0.00 0 1.90 393.31 176.80 515.83 258.77 1.61 1.54 3.70 -3.36 1.68 16.06 1.69
Car 0.00 2 2.15 893.85 158.78 1035.65 225.78 1.63 1.45 3.94 9.40 1.29 19.15 2.61
Car 0.00 2 -1.71 706.01 180.66 796.18 245.94 1.42 1.61 3.57 3.26 1.59 17.41 -1.52
Car 0.00 2 2.25 857.41 166.11 992.86 218.90 1.51 1.33 4.45 9.73 1.32 22.29 2.66
Car 0.00 1 -0.05 565.05 172.85 629.39 195.53 1.71 1.83 4.66 -0.94 1.71 55.32 -0.06
