Car 0.00 0 2.06 171.33 183.88 265.83 221.25 1.42 1.57 4.23 -15.88 1.83 29.45 1.57
Car 0.54 3 1.40 0.00 194.29 140.65 374.00 1.43 1.66 3.25 -6.32 1.71 7.44 0.70
Car 0.61 3 -1.11 0.00 219.76 440.47 374.00 1.23 1.72 3.57 -2.62 1.66 5.21 -1.57
Car 0.48 3 -2.02 777.14 203.69 1241.00 374.00 1.33 1.58 4.01 2.54 1.61 5.65 -1.59
Car 0.00 1 -1.39 324.91 189.68 490.22 318.23 1.57 1.56 3.95 -2.85 1.77 10.70 -1.64
Car 0.00 2 -1.35 408.28 190.59 514.24 268.62 1.49 1.53 3.77 -3.11 1.83 15.72 -1.54
Car 0.00 1 -1.82 706.17 178.21 855.41 292.62 1.59 1.46 4.00 2.57 1.66 12.05 -1.61
Car 0.00 0 -1.63 563.51 182.04 621.86 230.62 1.41 1.66 3.54 -0.69 1.67 22.73 -1.66
Car 0.00 0 -1.68 631.83 182.89 680.82 219.89 1.44 1.45 3.62 1.91 1.83 29.89 -1.61
Car 0.00 0 -1.51 524.30 180.77 559.12 207.20 1.34 1.41 3.37 -3.73 1.74 38.23 -1.61
