Car 0.02 3 2.20 0.00 185.62 135.54 240.38 1.35 1.31 3.00 -14.81 1.77 19.77 1.56
Car 0.11 3 2.37 0.00 192.29 197.53 283.68 1.33 1.88 3.42 -9.25 1.72 13.11 1.76
Car 0.00 1 -2.15 201.84 185.18 404.30 279.13 1.51 1.61 3.82 -5.79 1.71 13.35 -2.56
Car 0.00 2 -1.74 683.29 176.52 782.76 244.81 1.49 1.76 3.75 2.82 1.57 17.60 -1.58
Car 0.00 2 -2.10 294.53 185.18 451.62 255.38 1.44 1.39 4.44 -5.66 1.69 16.78 -2.43
Car 0.00 2 0.89 379.88 177.29 476.54 225.60 1.52 1.35 3.33 -6.17 1.65 24.17 0.65
Car 0.00 2 -1.71 667.88 179.02 739.20 226.77 1.36 1.68 3.42 2.77 1.53 22.26 -1.58
Car 0.00 0 -1.58 584.35 177.02 643.00 224.90 1.38 1.67 3.48 0.05 1.50 22.55 -1.58
Car 0.00 2 -1.68 661.32 171.22 711.18 213.42 1.57 1.51 3.95 2.95 1.51 28.75 -1.57
Car 0.00 2 0.85 451.08 177.72 522.74 208.81 1.39 1.66 3.15 -5.86 1.61 33.99 0.68
